# Example Data: untreated
8.793635032179091482e+00
5.708446332811787371e+00
5.435218960253013876e+00
8.443815184660934392e+00
2.637563198847579393e+00
5.390669690409949588e+00
6.954067232827662259e+00
6.884288967440399531e+00
5.949705199040218773e+00
5.161988522468627494e+00
8.563913439417673246e+00
4.957981089801007712e+00
4.793401276834926783e+00
8.549422540771169921e+00
6.765928146441445357e+00
5.558572949801257046e+00
6.851013342932318118e+00
9.729341369537811701e-01
4.007206833813510727e+00
8.836759774647694243e+00
6.301023112735069098e+00
5.700904495402537187e+00
4.966943070535265292e+00
3.256537691325688044e+00
5.946809346108881122e+00
9.011182926101939827e+00
9.249468301546290405e+00
5.493288659728015944e+00
1.595145709369716336e+00
3.735121210933253000e+00
4.384916175265288985e+00
3.737326795161279858e+00
4.901439096415236563e+00
7.461570906439876971e+00
6.223697533472686949e+00
5.754000374278035679e+00
9.291733001002915771e+00
5.286443227448729409e+00
3.688073817860429759e+00
7.308920205806840542e+00
6.156781317133613207e+00
7.614732697455536048e+00
7.335759738770775584e+00
6.771749397633494816e+00
6.539674498327931573e+00
8.492618700051437486e+00
4.349215841565504448e+00
6.286529287823241496e+00
2.623045928150200101e+00
8.248204253674199293e+00
6.258399555956311033e+00
3.941878168652012349e+00
5.150737352046945716e+00
1.048475827638058888e+01
3.450320852132541027e+00
6.175396976334964094e+00
6.193468016489395822e+00
4.539399816746081839e+00
8.865949912436217772e+00
4.471110704773028743e+00
5.560681041336327013e+00
3.138032010661968574e+00
5.051480812228573924e+00
7.148951663807094903e+00
3.159859799780748268e+00
3.824004048105970277e+00
4.590677186568771440e+00
5.860974612160780417e+00
5.041819421460067119e+00
4.071804073816522873e+00
4.654025017456303814e+00
6.437410754941066848e+00
5.876089063047537309e+00
5.988614149708652690e+00
3.961099531842036114e+00
2.650711112111625134e+00
3.177694181034830923e+00
6.675376694809090239e+00
4.827722281528053827e+00
9.543727203377301294e+00
4.739408776324809836e+00
8.346633688244612159e+00
2.922569605238882762e+00
7.536310229344573841e+00
4.445871674262416917e+00
7.496397839343007519e+00
5.381643557621965890e+00
9.314140766931679138e+00
6.676125538181490349e+00
5.805915042479391275e+00
5.201058555349021617e+00
9.285010024466004097e+00
5.507175765636864284e+00
4.328979673499667058e+00
2.600686917692173417e+00
4.557407138139336844e+00
8.729087515745048265e+00
2.997776724028454520e+00
7.394399957644741228e+00
5.305265634544571896e+00
7.563797441833209234e+00
6.375018090188534714e+00
3.787648327974035833e+00
3.041209537909674854e+00
3.994473572379968918e+00
4.828298923003625731e+00
5.615448843442453430e+00
5.063452422039334877e+00
5.074357652558571630e+00
1.000594892382213885e+00
6.724044654742519889e+00
6.686958951021835240e+00
6.253432423890879832e+00
2.172285468035481504e+00
5.032780935986219006e+00
4.589856912617605644e+00
5.877127361887923840e+00
4.699630370518802280e+00
4.282288466064433585e+00
4.481812576092604417e+00
7.753476338618603414e+00
6.361583758629400620e+00
1.151715889350076694e+01
6.189621368827335601e+00
2.638336503685985157e+00
3.336428554125332901e+00
7.491110067946184614e+00
7.228983041755381755e+00
3.871101204490704717e+00
9.018142577541812699e+00
7.973196586471148706e+00
5.508555756157452521e+00
9.637595326045278910e+00
8.080946119919342863e+00
6.844949013886399314e+00
5.892915883308877056e+00
6.545408246055619550e+00
4.173631688406242546e+00
7.276316126299477105e+00
5.243264986785154846e+00
6.893506074590006527e+00
7.929317427546950015e+00
5.700239791073032691e+00
2.142770103361975931e+00
1.022582655241791016e+01
4.434292776216711474e+00
8.022493380210654834e+00
6.610500806481743652e+00
5.415174515762521068e+00
5.139822662043278534e+00
6.007348991116510994e+00
7.235088418821460365e+00
6.541345504618440998e+00
7.118355595581006057e+00
5.857327510508324231e+00
6.221258360035756496e+00
5.976728547420643523e+00
3.669194273920437510e+00
6.775844063188514177e+00
6.300172676246237558e+00
2.719085954184715881e+00
3.044869805281995134e+00
3.703684537384150044e+00
7.198192797129889797e+00
4.938127316602447081e+00
6.296437553077145921e+00
6.781477827490594024e+00
4.006698654347360389e+00
5.878988875148372983e+00
8.871823337821364674e+00
2.736259922924100252e-01
5.511509073296156025e+00
1.055003259253686920e+01
6.217419229884121101e+00
5.790704789339994107e+00
4.813403601079697225e+00
5.003649000259212443e+00
1.574377588349140211e+00
5.388917637710779474e+00
3.457896678504856602e+00
6.577252619932353994e+00
8.013927118802989469e+00
4.138295030321035739e+00
7.373237607083145129e+00
8.470589017203094429e+00
7.833102784000769425e+00
5.434888486518129724e+00
5.380549465742731741e+00
8.129760927908071366e+00
4.606855162662594871e+00
6.426549683172852134e+00
5.839759422342772233e+00
7.368569068865228999e+00
5.714651686411033715e+00
3.335712216322176626e+00
4.108458100664684309e+00
3.850891362885993097e+00
5.998419921171574742e+00
5.031540872262629804e+00
5.256361865065643180e+00
6.216076440544448189e+00
7.315889501224016378e+00
5.313144078817879645e+00
5.128523225032843413e+00
2.774584550207244593e+00
3.505028776787577627e+00
7.587151596090174088e+00
1.042138245640978056e+01
7.699377048989218153e+00
8.830740924402750380e+00
8.174942561868061119e+00
8.348903766232030677e+00
9.345499247412510258e+00
7.810638615251384920e+00
7.063115276980885149e+00
7.515287311207224263e+00
2.372889526504947888e+00
5.357179332920539494e+00
5.892773750579121561e+00
6.482856267569704123e+00
4.901510150194769544e+00
1.110025934809569037e+01
4.956753404843059485e+00
3.260621220799030162e+00
6.567354060821585016e+00
8.756531878104533817e+00
4.545960821471836333e+00
2.760445373923319679e+00
6.060095958878592093e+00
6.480584996290335908e+00
3.995030178497245288e+00
6.268811062570728510e+00
7.426428367614374970e+00
4.075637865205678168e+00
4.727571078694942308e+00
8.874296731203836330e+00
5.315499852417672422e+00
7.507445965720559222e+00
5.935996572169083052e+00
6.795564512789763256e+00
4.827356647279640534e+00
5.872213794605849913e+00
4.387049856967177419e+00
3.174932528551308586e+00
5.526375328071079451e+00
3.575302885839759526e+00
3.635693592814699393e+00
9.242523572134455634e+00
5.207416463162998888e+00
5.443625779133631326e+00
3.424439830883717839e+00
4.979524435487548750e+00
1.474176448670157846e+00
2.425859237534507162e+00
7.277331191453805914e+00
4.425216520717250468e+00
4.060064738771028026e+00
6.552086730505927825e+00
6.793414779234907108e+00
9.690040256313356082e+00
3.868299772369192979e+00
3.938009162265179164e+00
7.185954057350949498e+00
6.748093347773394868e+00
8.310768983301993984e+00
6.176125533776207988e+00
6.163900710722820087e+00
1.524688311058224777e+00
5.078250204053961880e+00
6.234271615369768149e+00
6.515026584906596696e+00
4.910936349072091645e+00
5.386100497182051861e+00
3.955298360950447289e+00
7.300346237827074702e+00
7.454060613563386894e+00
8.322983007076635076e+00
5.841549731077126495e+00
3.502493869046425790e+00
8.644736241969665613e+00
6.262630816395013511e+00
6.355671675155703859e+00
6.400017559601264949e+00
7.283015743149420906e+00
8.335446650169755500e+00
4.699790469529887993e+00
5.368026854628089595e+00
6.940232862932681712e+00
5.059538929077548097e+00
3.423774663240942484e+00
6.061527268504702803e+00
7.493158414207572449e+00
4.668528059661314344e+00
7.370863144934057587e+00
3.850744698820523837e+00
2.979576553434890140e+00
4.958166086061950750e+00
6.527744309974054637e+00
5.478054689084317808e+00
6.453498412787567418e+00
5.008290467785236899e+00
4.164420577529990730e+00
4.575634539814312340e+00
6.537397221226671107e+00
2.168041002522189231e+00
7.912168335369258898e+00
3.608654904201264113e+00
3.024834659156253824e+00
4.863489297463959637e+00
5.872580485789742788e+00
5.088860932786042568e+00
6.968924454759165776e+00
4.140901573917251888e+00
8.752188642527228168e+00
4.925212738845801574e+00
4.230964908082840203e+00
6.073265995882377588e+00
8.538625011576812085e+00
5.650258945803642519e+00
5.796423142574185228e+00
7.575587489016669451e+00
7.426467622544466352e+00
8.353155718125508500e+00
1.571384564385908789e+00
4.106096225569345393e+00
5.888284719188279226e+00
5.086883487521460800e+00
2.647807918013562745e+00
8.422306135887874134e+00
6.095759600866370143e+00
5.875197662576364444e+00
9.506445809841540751e+00
5.444572807471871556e+00
5.891017254157066674e+00
7.762505481847432165e+00
2.415870625134468153e+00
6.953937717681059283e+00
9.612091681535886778e+00
6.548895880011860626e+00
6.631116405402650571e+00
6.132907877934894891e+00
8.573413664804059309e+00
4.736630282272045633e+00
4.992647974142951028e+00
5.561698917549490417e+00
3.968280854551419878e+00
7.262978642090640591e+00
5.873089211111219399e+00
6.898955244714928270e+00
8.834869087297418488e+00
4.700919979460707054e+00
6.535612837505025752e+00
4.460219344860790969e+00
5.181535183849796944e+00
5.063834495359206933e+00
8.526743261159355214e+00
6.534240995087245985e+00
3.490925906014667568e+00
7.176199049801890162e+00
5.762418620009024828e+00
7.886601823197398886e+00
7.192234376771489579e+00
5.248340105784121690e+00
3.185253036522746051e+00
6.693767615622652656e+00
7.280877473422859403e+00
6.769985670471132977e+00
5.126651682802036092e+00
6.805210963261109747e+00
9.499298363727834982e+00
7.066886717695921583e+00
2.565580782613114508e+00
5.598424879912486496e+00
7.175434404195575766e+00
4.794309681955184921e+00
6.008898828356784350e+00
5.825052371480219371e+00
3.438851738257818980e+00
6.553677508280515873e+00
5.106841212157657850e-01
3.341772808287943874e-01
1.056423120829967033e+01
5.052267078117059995e+00
7.109345466415405213e+00
4.798190438215907072e+00
4.972280728556494722e+00
5.249900211348719203e+00
4.818907072150064863e+00
7.217751692650587358e+00
5.787855966488944404e+00
6.052390286300814104e+00
7.468189535911956334e+00
4.065531863437040094e+00
5.041003063343462820e+00
4.391403680070260052e+00
8.912137519577584044e+00
3.331503825153884435e+00
5.056633483277199304e+00
8.368876006251200650e+00
5.052993531517655512e+00
8.016172105087697730e+00
3.562367400903377668e+00
5.696814153982261431e+00
4.913200357027724507e+00
6.591147422494083585e+00
3.215427090468924387e+00
8.628944417382591325e+00
6.346965467227857260e+00
1.646423759154910016e+00
8.834956039169535202e+00
3.111100677902175704e+00
6.200402206243917469e+00
6.583478724184748998e+00
7.979629748008045809e+00
7.618845564838812479e+00
7.522189183891939024e+00
3.489708072644300163e+00
5.941627239479212008e+00
5.099423385344278969e+00
4.368454491350521884e+00
3.878530541084699745e+00
6.544385130085603741e+00
3.287998572550878684e+00
4.069092393134218000e+00
3.761463926120300894e+00
5.605745037406864917e+00
6.687945357848512629e+00
5.073955530574322026e+00
5.820177534579689116e+00
4.489068870306316406e+00
3.986123524610487578e+00
6.749965702062565853e-01
5.180060608530485666e+00
1.045668090549964013e+01
7.141531157293406373e+00
6.417529546253152972e+00
5.903290730399641362e+00
3.617104471456516812e+00
5.002704492582981111e+00
2.484613662717225058e+00
4.345960942850952691e+00
8.972066279908121444e+00
8.350884948261736440e+00
5.139572443055187456e+00
2.037504233917262653e+00
6.528862781130911230e+00
5.027827706509295780e+00
4.941662611392890092e+00
8.665433318161261056e+00
2.385102234082964401e+00
6.329020098406107131e+00
6.196976034773274300e+00
6.854046449489421100e+00
6.756478137107783333e+00
5.288648134286142444e+00
5.584965315207507608e+00
1.963905511939433080e+00
3.723571335651625791e+00
5.307413572566966664e+00
6.762481756736100635e+00
1.883227072449487949e+00
3.554072889195860174e+00
5.403492043330982320e+00
6.526093931905506906e+00
2.882733990727615492e+00
6.718430465293930176e+00
1.502597341332078784e+00
5.104501573858060581e+00
4.324124358033710536e+00
5.704715205919896448e+00
7.433457113728259458e+00
5.360527195057541938e+00
4.742819418647933105e+00
1.454179293472775747e+00
7.632549647449066832e+00
6.709877412458694401e+00
5.821088790244359323e+00
8.537448743066669010e+00
5.846951773448300749e+00
4.103967154662114147e+00
5.084940848262561985e+00
3.649500760676188893e+00
4.089465165857357754e+00
5.341176975789546866e+00
3.624539455778624575e+00
8.939451797768711572e+00
6.911448910584232941e+00
7.586962320872448373e+00
4.169398568119722093e+00
9.942993463705551704e+00
4.769914498732600094e+00
3.279990434306171210e+00
2.693610057947961600e+00
6.912666520336671283e+00
5.457543608929113610e+00
8.455755369724945680e+00
2.714972214264905759e+00
2.380974035870654149e+00
6.004339577162674857e+00
-1.049608702839409879e+00
3.768309729352169679e+00
7.477383044005728507e+00
3.547805031479656535e+00
6.619339037152118799e+00
6.099280372236010273e+00
7.034099554159364942e+00
2.974716067236972794e+00
5.207189388954345688e+00
8.520575540830673589e+00
1.127927306904310001e+01
7.498489797024541659e+00
5.250333755141883607e+00
8.383897432901964208e+00
7.574198776624146312e+00
9.103212589989029269e+00
5.398788247570148968e+00
8.170144821319770045e+00
7.526754831872871421e+00
8.456748136424980800e+00
3.822181047273048637e+00
6.280535187214059789e+00
6.804008963265097520e+00
3.354827364896400876e+00
7.679416640925699866e+00
9.509070087415588901e+00
4.152812987660116306e+00
3.236903015809247108e+00
8.254874226469564036e+00
7.153256791980673768e+00
5.676044146674504631e+00
9.116713674730652528e+00
6.717674194771427132e+00
6.197735825246522445e+00
3.269711615223622303e+00
4.116830740101218744e+00
4.127043967198818386e+00
3.867765475803775388e+00
4.744330144324998777e+00
7.659431707348373308e+00
5.001197594272643876e+00
1.030257935587604301e+01
1.031260306996765763e+01
7.896072129946007934e+00
3.732249679776144635e+00
6.553833908176917689e+00
6.268947593600840307e+00
4.249960798874650614e+00
4.575067931948678890e+00
4.853647786584949664e+00
1.048713930082872992e+01
5.207596056805886775e+00
4.585546608921068135e+00
3.869674886777376699e+00
6.427591683401154832e+00
4.777027127783983751e+00
5.355488843531263754e+00
3.598059417983535457e+00
3.454280753363650369e+00
6.949057513891734317e+00
6.063243875522129400e+00
5.634372849870837641e+00
7.038645920253915556e+00
5.637136746122793696e+00
4.701840029143495414e+00
6.203727129691433362e+00
7.786723603396334070e+00
8.475178340773778629e+00
7.316946296533311411e+00
3.872547034976511870e+00
5.905305159775508628e+00
4.974043627385253075e+00
4.831916570067260608e+00
4.973263884014606617e+00
6.903126899263947180e+00
3.453869560357210489e+00
7.639577999119351759e+00
6.604767210289431922e+00
3.925792069714788557e+00
4.117730906034325677e+00
7.339063840348691414e+00
6.611682511362557690e+00
5.182638424886797601e+00
6.096154537561981002e+00
7.968131245089306702e+00
7.423090029243045507e+00
2.536669844742413193e+00
6.300156629827016630e+00
3.019006537469716367e+00
4.390239050632214202e+00
3.502288411664142398e+00
5.790102229035889891e+00
5.076054437302000899e+00
4.834244018849213731e+00
8.776996977319443616e+00
4.409486208664407769e+00
4.397455752071778079e+00
9.407670716827272628e+00
1.114643030582096372e+01
4.648241544637212286e+00
4.081532761026189782e+00
3.299877627740217978e+00
7.647842644625469255e+00
5.675877962701023627e+00
1.076717477159603575e+01
4.650186037372023407e+00
8.268613265725329953e+00
7.957470768311437403e+00
6.722759493702622713e+00
5.856757497777149268e+00
3.332245264973547894e+00
7.278377422069047142e+00
7.172801912741454622e+00
-2.677713172371243289e-01
8.607023127826654019e-01
5.236278485236836033e+00
4.072768340474427262e+00
5.715237857182380310e+00
6.348642478304550529e+00
5.731004185942691898e+00
4.678418369187501646e+00
4.745486387104333126e+00
5.335230233704047365e+00
7.518250167492695368e+00
7.776451236317034166e+00
6.654020489648585723e+00
9.022093649543542426e+00
5.644683219119787765e+00
7.254150706543910587e+00
8.064472758568117072e+00
7.332527534632695243e+00
2.996199473319921758e+00
8.702469778048975257e+00
5.124393381028613526e+00
7.396504340600488447e+00
7.127978949258484853e+00
2.829434649373173016e+00
8.636766176559136809e+00
3.481922532218707289e+00
3.858581156895890985e+00
5.914702077730820129e+00
5.233015511066174241e+00
5.873457350566180679e+00
4.929773032225954310e+00
3.125268381920067284e+00
7.324082063032362200e+00
7.523808018546499277e+00
2.436659348492145938e+00
5.386394071379352333e+00
8.667779171746014200e+00
5.184991586277009290e+00
7.216020480471565968e+00
5.962450998440107064e+00
4.680263755512427792e+00
5.654127391371230438e+00
7.598045942437746447e+00
4.692404506741096881e+00
9.241735093570017767e+00
7.107033549100918890e+00
1.001142037299850074e+00
4.050915954566820076e+00
3.243604587151908358e+00
5.840126254842434861e+00
6.869370251957034768e+00
5.682091835255931755e+00
6.677526385593986369e+00
7.967168110628217725e+00
5.726152708166562633e+00
5.397317222437323814e+00
6.844138145019037722e+00
3.516880078010939492e+00
4.097793361072534779e+00
8.333431045401779258e+00
3.684208736134232165e+00
4.680870660436055708e+00
1.835114041702251342e+00
3.079357428989098810e+00
4.773464842818916587e+00
3.812999369772812397e+00
4.729867491155999915e+00
4.249021280902944397e+00
1.040862037686240171e+01
5.493438507233975976e+00
4.270224462060570936e+00
1.035431423844669396e+01
6.208246350466589014e+00
7.119449805064196113e+00
4.110048720635949948e+00
4.564412708569128618e+00
7.579092813829671371e+00
8.164195110629959728e+00
7.524285704813784115e+00
2.397995897736613369e+00
5.851603495898539009e+00
6.072458437931185671e+00
1.232836397224350122e+00
8.346589786450739012e+00
3.304827151954974784e+00
4.768949326349495088e+00
4.892040725391905376e+00
9.205676852089307971e+00
5.198054875447425616e+00
3.603640271817097673e+00
7.906059009026210838e+00
3.755584467066734877e+00
7.745393746966302118e+00
2.834311648182031185e+00
5.884039752562121528e+00
4.041587204948075218e+00
8.437395592581795611e+00
4.951260092107554023e+00
7.156172110036468581e+00
8.861068405597485764e+00
3.028033428789034698e+00
8.447889603135562808e+00
7.296067608814492900e+00
4.130119915456169188e+00
8.027586699021950878e+00
4.424358368170559608e+00
6.595030715488844564e+00
4.685295085658238712e+00
5.554788788198295357e+00
5.121227021067016771e+00
5.281805528048445275e+00
5.957426277404843873e+00
8.227771830809844644e+00
6.643474597875945520e+00
3.666211199538728760e+00
7.822229968735946670e+00
1.598118185227243693e+00
6.406748808466329770e+00
2.833935014822776211e+00
5.320104685586970028e+00
6.858532979844962796e+00
5.307906150418904900e+00
7.155552863984841139e+00
6.087778905641339833e+00
7.945520010412782774e+00
9.103948807956451006e+00
5.862210674375329944e+00
5.765324587553337210e+00
4.824706743190402491e+00
8.513457791976593469e+00
4.911794226280698616e+00
4.662477880902809346e+00
3.619421410179075149e+00
6.603517215847687361e+00
5.911735168794816531e+00
8.043193409250452675e+00
5.561102299370475066e+00
6.247532524003078791e+00
5.242881049818736372e+00
4.612932352750156006e+00
6.197214605161224021e+00
4.963034044027057945e+00
4.549034387893785336e+00
7.233561936662577629e+00
2.636730425571907510e+00
6.893448522399737044e+00
5.134860834444371136e+00
6.404719567836349547e+00
3.507863976645615889e+00
5.290585303586469834e+00
5.151429025242450166e+00
9.698471466625443682e+00
4.710575255169795916e+00
7.856359752992945644e+00
8.317149483361845341e+00
6.357356496347002839e+00
5.224065093337604715e+00
6.284179478642735184e+00
5.448275997973230922e+00
8.223215885716122386e+00
7.387793962911182177e+00
7.957863650521431964e+00
3.732424755995103371e+00
9.773581482541832344e+00
6.979302992722672627e+00
3.508372625646759779e+00
6.465000470361119689e+00
5.935202323440496919e+00
8.418986752641483662e+00
4.549882431227976198e+00
8.501148202588323599e+00
6.690464125303259735e+00
9.761425424433216591e+00
7.856502082918069618e+00
5.800752934753907297e+00
1.649310303459435190e+00
8.461331185518972120e+00
7.900050072583633565e+00
5.881677924823163650e+00
5.789222251469158032e+00
4.918984187316351786e+00
7.716483756530925220e+00
6.312265418521282534e+00
5.884630006999150176e+00
5.489269695628550494e+00
7.708472594916179865e+00
4.992086263455077777e+00
6.732080196065068911e+00
6.743857932119630583e+00
7.601818365974338576e+00
6.878156860723416699e+00
8.558025308835654599e+00
8.129296240040739363e+00
5.413707192344203278e+00
4.544370994536309993e+00
5.525710728852960330e+00
6.261183100955806324e+00
6.135429144706736615e+00
4.393098029970458285e+00
5.733651937591548453e+00
6.001247357463203258e+00
3.958621052587631528e+00
6.687478500448811758e+00
5.834586747839527909e+00
2.567586791903466281e+00
6.484587580723607303e+00
5.414513110742419144e+00
6.245522993069718254e+00
2.956786835950242054e+00
7.818983151512673757e+00
5.264576904972284588e+00
5.848412972776949381e+00
3.516231289699633500e+00
7.445678730074591911e+00
8.845259211810455824e+00
3.102389347826399746e+00
7.186280214556197699e+00
1.097758974566371748e+01
3.199413483925201529e+00
1.991852916980948240e+00
7.418482659869739315e+00
5.550655351616929245e+00
3.597410884155790356e+00
6.948337683954070698e+00
3.066408145919601758e+00
3.850234283718271033e+00
5.603965141328052901e+00
4.664497649453689831e+00
4.255728870297465605e+00
5.667136318638924308e+00
7.491558588928300289e+00
6.553282108149746321e+00
4.348516293304670377e+00
5.834183978272239557e+00
6.575924950232384880e+00
5.275944119800568544e+00
6.032388748923915855e+00
4.711944440800262868e+00
4.481036483538201054e+00
4.538431542285900733e+00
4.013006618493957234e+00
3.699812767073376030e+00
6.201132338914201902e+00
4.135399518196047453e+00
4.633887392794119542e+00
6.833800064162790733e+00
3.193564571243318273e+00
6.325985108626815290e+00
2.882442970743020805e+00
8.688356815778631059e+00
9.331552840840496188e+00
1.105843873144730516e+01
2.603551801619180761e+00
6.893514006558957519e+00
5.969778654534738216e+00
5.509975986282086957e+00
2.609634363498772647e+00
4.820513846850204231e+00
3.499527753893843851e+00
1.956608861983657466e+00
5.729036403554832013e+00
5.811210820170150448e+00
8.865713854489921886e+00
5.165828921327362266e+00
7.309575630176507133e+00
2.996127387480167492e+00
3.892810613824879695e+00
1.023101552386505553e+01
4.785769570371156689e+00
6.675680281419911211e+00
7.413021352625350779e+00
4.250463663140885195e+00
3.850147015467697109e+00
8.998684102534236118e+00
6.807905503651868528e+00
7.811655548214778477e+00
9.188646423000466967e+00
6.092683521718359252e+00
4.456853617880299545e+00
6.209244723199879523e+00
5.460138995724028277e+00
5.125944871574013462e+00
5.178374700218168591e+00
3.938347308670351321e+00
6.531547241491278299e+00
5.093258742532333905e+00
4.129068196485792264e+00
6.378433200709170414e+00
6.107166094690847480e+00
8.203448416832724632e+00
4.657588222808594303e+00
6.064525381397107395e+00
4.573932586105409648e+00
6.164996556351733048e+00
5.478262334850900750e+00
6.568229933999960579e+00
9.260043565610143190e+00
7.478651852195863370e+00
4.393047049696527928e+00
8.216456038733699785e+00
4.531854419362411512e+00
7.824675833506988809e+00
6.057309400317537396e+00
9.727019256355296406e+00
3.033052639004653717e+00
7.576244087440827890e+00
5.497595195776689536e+00
5.260925861836883044e+00
5.476689479664913485e+00
7.771022039401125348e+00
7.164139281096054468e+00
5.547895193440962380e+00
5.296700480429072933e+00
5.319447782996096663e+00
6.893891009536836201e+00
7.229324252229753611e+00
6.955181553062986133e+00
4.796197839168864441e+00
2.330958300138149308e+00
4.052624409649432380e+00
8.640168252486086331e+00
5.874404680153129554e+00
2.778578615068960200e+00
7.436545268008417864e+00
8.297931039893986949e+00
6.139237259652615464e+00
7.989721604166945212e+00
5.955984414701585017e+00
3.808298694235781934e+00
5.654638654677301979e+00
5.542856583851679453e+00
5.832719756694665136e+00
5.163896256109643090e+00
4.721491347223590651e+00
6.569487245915158091e+00
7.238069501554139862e+00
2.824058144776541823e+00
5.071144344052891384e+00
7.062774814366484577e+00
7.755160122431961511e+00
4.836978338687485390e+00
3.339933992831284115e+00
5.577356905957256750e+00
7.363435488216475200e+00
5.216517972460559704e+00
5.430288256943528680e+00
6.303391776399304369e+00
8.463223769738281277e+00
6.158551583801904705e+00
6.807736177568949998e+00
7.328480401461423099e+00
5.436116493119607540e+00
5.242363559205721835e+00
7.485095078120915346e+00
7.928714136831338521e+00
7.720373304480336429e+00
6.247491431778285254e+00
1.099099305832631046e+00
7.026038270179250311e+00
5.482161302501509681e+00
8.088285783714516342e+00
2.974460406533383061e+00
4.291592685997497547e+00
5.043311385964281968e+00
3.386375393633026754e+00
3.251234426719320947e+00
6.518228015643062534e+00
6.909462338893283651e+00
5.757291417291420466e+00
8.443106235571057994e+00
6.021918863048695947e+00
8.170479256725128536e+00
5.209201050355562579e+00
3.182717194390315196e+00
6.653550517370316442e+00
6.505673336479989466e+00
8.195834316456396706e+00
7.989315205857835167e+00
9.757210606579837631e+00
3.472189016288453001e+00
4.237895917584477701e+00
5.299832004513939765e+00
5.690984084092916007e+00
7.612909213866482006e+00
6.578369219340749474e+00
6.974981930377160744e+00
6.720315468387731528e+00
4.102392279011393583e+00
