# Example Data: healthy
5.691565665679771513e+00
5.551264327316101088e+00
5.664889071694212852e+00
6.754528231252781012e+00
5.578953203501213487e+00
6.236031992898708687e+00
5.970369925277940304e+00
6.856402239549295174e+00
6.825159935848208903e+00
6.582377982708355724e+00
6.640502999006001161e+00
5.570727108447274034e+00
6.322623431851272180e+00
5.660268631589144839e+00
6.456641842615225890e+00
6.666773492642656507e+00
5.675951561914054366e+00
6.439058801941669685e+00
4.967253271137191284e+00
6.043252911876363598e+00
5.748650840499031744e+00
6.939576925782422023e+00
5.279700391904735390e+00
5.721627828416484540e+00
5.860072588789231318e+00
5.606136940370978650e+00
6.290846952421400573e+00
5.819158855433005151e+00
5.905203752171661158e+00
5.121145562411585139e+00
6.124711375771160426e+00
6.761291809160407063e+00
5.906596210296028104e+00
5.730539141983834739e+00
6.174497288353561153e+00
5.623478358937633814e+00
6.022329804454743751e+00
5.505121046944941199e+00
6.501120911875232444e+00
6.307287617602531427e+00
6.531606201437736736e+00
6.711851330902280921e+00
5.936686802529758999e+00
6.307069478153068509e+00
6.028719601336342215e+00
6.287611221099938419e+00
6.775283788871769630e+00
5.559204312218878563e+00
6.060864989357180654e+00
6.168925338442696749e+00
5.132912838247258414e+00
6.301250346404351887e+00
6.044184036391467174e+00
5.733752824506483492e+00
6.152536671188473250e+00
5.845286508216236854e+00
5.784879553810355013e+00
6.198020710961337443e+00
5.739019534968025305e+00
6.289286380591327053e+00
5.263600361168633057e+00
5.882664577082143076e+00
6.171032449796629571e+00
6.336684891988343615e+00
6.768599456230196765e+00
5.873646485280192842e+00
5.947871503967357754e+00
5.728521112547179328e+00
6.565770916940328661e+00
6.108369220560894597e+00
6.553075137931940297e+00
5.760739065081228460e+00
5.776425372293164884e+00
4.888830543476311519e+00
6.361762468750190358e+00
6.340494744639910252e+00
5.967443743901264419e+00
5.179178884725713417e+00
6.409799805607501177e+00
5.536271027148175428e+00
5.764241197830034302e+00
6.485679390422764534e+00
6.268812162524439735e+00
5.522532935547883604e+00
6.292617165836086102e+00
6.009725274073879575e+00
6.091459034055134225e+00
6.110187023230650993e+00
6.327321677243515019e+00
6.524534827006900350e+00
5.964612570835818417e+00
6.137578562756528910e+00
6.219633782408601874e+00
5.966446532989097662e+00
6.968719205720360854e+00
6.291044049948099293e+00
6.537164740650047712e+00
5.536722684260797500e+00
5.610467990036107189e+00
6.011280409342968589e+00
6.161863743958792661e+00
6.105338834913673907e+00
5.547375964725509867e+00
6.069918562822873120e+00
5.264269405449804040e+00
6.224711023718931813e+00
5.689361566007768545e+00
6.025860244219080286e+00
5.260157401741974326e+00
5.629398684674324471e+00
6.266525133840804784e+00
5.942920817274774947e+00
7.348235560752851114e+00
6.478524616692391547e+00
5.900868672931007808e+00
5.240835828282069286e+00
6.401618201388047602e+00
6.185198370298707005e+00
5.833987083204101864e+00
6.716738985709038268e+00
5.717183890880861874e+00
5.990750720840801513e+00
7.416408913249378010e+00
5.854172780447357560e+00
5.655234143431275839e+00
6.006289578571340826e+00
5.694659008631463237e+00
6.097557945382526157e+00
6.875632501427749510e+00
6.353994258642712722e+00
5.125677278534690018e+00
6.237253688898426240e+00
5.850584503872292785e+00
6.454518277888448452e+00
5.815806049831070190e+00
6.559177697837728083e+00
6.222305569914527545e+00
5.974825652854597102e+00
5.768071535972350894e+00
5.472937679851161974e+00
5.570096455335106889e+00
6.223433620403584499e+00
5.814035689724010858e+00
5.852107447877406443e+00
6.102742747620933272e+00
5.696274478792840767e+00
6.252862660178040599e+00
6.249807598558747124e+00
6.112484478653823494e+00
5.236639178630111857e+00
6.347833146224607148e+00
6.373816425503654237e+00
5.723665388157427536e+00
6.137288842014051227e+00
6.547456092156710206e+00
5.298895212035112934e+00
5.586907330973668095e+00
5.895335300251811184e+00
5.447565265601078011e+00
5.871497964664657232e+00
6.273336904851186446e+00
6.529896758602826701e+00
6.160792336805514857e+00
6.421081595863491920e+00
7.339612851778750446e+00
5.792131073107578132e+00
5.649218395364440148e+00
5.983162705630871159e+00
5.678443824748551805e+00
5.809837312247706720e+00
5.781465573030651228e+00
6.334881047213645644e+00
6.477744611907943373e+00
5.899514161175141602e+00
6.275750640673240177e+00
6.177690929230522876e+00
5.991739312207349677e+00
6.032097555348965301e+00
5.424360712684443087e+00
5.207234594618931567e+00
6.343607469547616340e+00
5.844302177556876643e+00
5.521177341209331679e+00
6.210509353889227313e+00
6.000018032547284719e+00
6.644691578841866786e+00
5.824931185811021095e+00
6.158731414577631291e+00
6.268354432766260587e+00
5.000171424113143637e+00
5.364236621044789821e+00
6.465011630050947034e+00
5.967625161039911141e+00
5.593388973723200763e+00
5.799184106942050221e+00
5.984835523149829584e+00
5.842081843995763357e+00
5.750306402015900709e+00
6.032891724096798747e+00
5.273667007884855984e+00
7.227733909190054540e+00
6.143035513769843803e+00
5.402081471072524010e+00
5.667956398088831449e+00
5.717373907124550847e+00
6.046481021011865131e+00
5.653177299624841723e+00
6.718548019856952713e+00
5.951808707715149360e+00
6.410429958055469335e+00
6.243220953276542140e+00
5.429346585116343604e+00
5.787097377625060268e+00
6.155526557736584969e+00
5.994175973048172068e+00
5.647768021325512144e+00
5.865855710038215598e+00
5.552666112283119126e+00
5.987411828987704965e+00
5.645859960407703326e+00
6.273729803308297548e+00
5.983134443541808345e+00
6.500523894463398733e+00
5.911126621936581671e+00
5.271309766740414737e+00
5.704292584153851209e+00
5.074530130479349310e+00
5.129553612798176232e+00
6.237811648077740578e+00
5.560197228896742949e+00
6.457240364459518212e+00
6.838933966494292527e+00
5.412159031363168005e+00
6.081666816745279647e+00
5.372479709037977003e+00
6.392849775049728400e+00
6.281178007271907227e+00
6.608153841042446963e+00
5.943963823467813157e+00
6.203113286008662186e+00
5.904830344901073502e+00
5.402568646400171204e+00
6.112601155142235676e+00
6.255358121769087454e+00
5.856624768895366095e+00
6.497113685458488774e+00
6.008738153892704048e+00
5.099619858154770924e+00
5.670279921773259346e+00
6.043613135054965113e+00
5.174580358803630098e+00
5.572494579063618225e+00
5.963538388510681187e+00
6.223483403200325448e+00
7.357261973688279610e+00
5.564824375304246118e+00
6.702920463440216636e+00
6.061587682130444854e+00
6.313838830729980423e+00
6.124255110629084342e+00
5.890831113044159295e+00
5.938682806657931579e+00
6.591693541259749267e+00
5.877853647138743476e+00
6.254117202955508326e+00
5.588928766379900992e+00
6.873148007116620661e+00
6.052431231992014382e+00
7.279257417888180370e+00
6.229357291234087768e+00
5.675755423411526834e+00
5.684736908275712430e+00
6.309069075374502233e+00
5.416787313442700480e+00
5.661572164531676776e+00
6.098290603545971855e+00
5.522315127534251467e+00
6.548985093635048216e+00
6.407467865136269758e+00
5.827487991373984322e+00
5.801943299962331047e+00
5.855939411891578850e+00
6.518508789606276110e+00
6.432284516936933372e+00
6.075485893059180853e+00
5.850611051824021303e+00
5.539837218488050219e+00
5.268442989092470441e+00
6.968852792336871715e+00
6.219996535241713254e+00
6.595845902011598483e+00
5.625278562422270312e+00
6.473978926322422112e+00
5.794249146648636106e+00
6.466521956886550626e+00
6.313649671514798278e+00
5.469188019757853070e+00
6.892562568970449277e+00
6.079496094325807398e+00
6.015134420162368656e+00
6.487518783174085257e+00
6.720175445984247098e+00
6.481090500650161346e+00
6.111421259000656470e+00
5.138827401493061053e+00
6.256387336409363620e+00
6.240762301804163137e+00
5.723445912824460358e+00
6.432903528744184918e+00
5.448871152135846607e+00
5.588757510976108733e+00
5.932542153221168846e+00
6.799159131069999695e+00
6.140617989294741896e+00
5.974918434550685831e+00
6.471910406504144397e+00
6.259414195133890857e+00
5.876794193766738950e+00
5.577583074206017955e+00
5.078793525396649855e+00
7.198740390768839426e+00
6.061115900090715769e+00
6.008309995829574923e+00
6.040412536003293198e+00
5.760145342329439089e+00
5.209098428910379219e+00
5.944803479268369273e+00
5.996436104886887719e+00
5.148042277724903748e+00
6.217475496410905578e+00
5.618525145891848815e+00
6.389873634214652931e+00
6.469093756854729094e+00
6.189718540694442162e+00
5.321125657762117100e+00
5.843689500514996915e+00
6.692992744472220146e+00
6.027139612371935407e+00
5.802500492276061905e+00
5.855895710958925804e+00
5.965962880604697816e+00
5.558726825492664503e+00
6.171864137656937643e+00
5.891137563432638835e+00
5.575697486616976839e+00
5.649345829100777650e+00
5.898355750720708279e+00
6.443817014329996873e+00
6.224828140967332502e+00
7.438665443379458786e+00
5.803867362367823191e+00
5.679933776382474875e+00
5.937018085854002258e+00
5.949990651532732322e+00
6.089983615095522218e+00
5.544544940903825214e+00
5.878935314125554257e+00
6.386303512609512012e+00
6.367052805584235919e+00
5.663427127754342649e+00
6.395289187306323342e+00
6.277674583514180284e+00
5.060639111964150061e+00
6.436433884857462928e+00
6.657133091729070529e+00
6.745336826488537163e+00
5.467627258290835179e+00
6.261604586674717865e+00
6.620288058471533787e+00
6.191671901400458644e+00
5.075713412049756457e+00
5.779898417304250025e+00
5.635849996877397849e+00
5.849646643521369427e+00
6.105574295935932483e+00
5.879647036900549573e+00
5.999974708742981555e+00
6.094418535957614402e+00
5.249678282168640742e+00
5.936901962204450989e+00
6.100293548029982915e+00
6.945300449394453679e+00
5.981365702757486247e+00
5.512665722766445953e+00
6.178387414809693112e+00
6.085304765533414262e+00
5.973297856712498799e+00
6.095831491195858653e+00
6.334276990686428022e+00
6.285352223635157998e+00
5.800469140774891841e+00
6.092615052644378970e+00
5.789469698168345779e+00
6.653765829743573335e+00
5.986337968254622943e+00
5.949358402761687259e+00
5.605290979203828350e+00
5.980067841521909955e+00
5.897943500889512691e+00
6.354935202084602608e+00
5.445825885170837211e+00
5.513686539005210108e+00
7.082006096586626498e+00
6.158931744446885403e+00
7.048268602711419639e+00
5.737188385211178243e+00
6.298164050400441916e+00
5.638843617619506254e+00
5.904461172796521495e+00
5.880477970237635077e+00
6.391982782342421565e+00
5.444973452485841747e+00
5.331452572456778505e+00
6.044225452348259253e+00
6.416249680412189349e+00
6.220554732547189047e+00
6.106367831676054792e+00
5.333598645443519359e+00
6.380127675450780522e+00
5.980972312891254639e+00
6.296652586860894019e+00
5.825692660439855786e+00
6.970324546178579439e+00
5.531760096957761164e+00
5.188890447291014674e+00
6.157916349731889838e+00
5.824849299045349760e+00
6.135483888607923042e+00
5.566839088671130753e+00
5.369279104991453444e+00
5.759265736214302045e+00
5.738826709499551093e+00
6.085995456107286650e+00
6.393795505675247348e+00
5.661968266845272879e+00
5.957119812482940091e+00
4.815250596933482008e+00
5.436391680034265761e+00
5.810382904280332994e+00
6.646853790503794102e+00
6.183845879479811458e+00
6.029399296687537380e+00
6.091276209864140867e+00
6.901664589256891524e+00
5.775695384085221207e+00
5.803600783845456412e+00
6.559716047698916697e+00
5.944301778099090328e+00
4.813217625615115125e+00
6.357098008898027786e+00
5.641671411885313070e+00
5.495621354763329691e+00
5.738787503415828439e+00
5.650163244322051526e+00
6.474680376869468290e+00
7.008636426040185441e+00
5.966226519629682201e+00
6.188873047785935277e+00
5.144435125786460006e+00
6.867643384812729401e+00
6.348512336384346533e+00
6.688212700900836971e+00
4.673089181554520799e+00
5.832540598910544993e+00
5.874005541796243790e+00
5.966583911823593489e+00
6.364722394778348225e+00
5.991246309503905465e+00
5.711421952897404175e+00
5.056209680688219521e+00
6.819116202281334083e+00
6.144370019935372795e+00
5.551906389418457266e+00
5.920515612190720312e+00
5.444379472698790856e+00
6.203292822340739754e+00
6.319748157000407929e+00
5.481183117267687699e+00
6.268726470013954888e+00
5.514445077405499163e+00
6.587413412263482648e+00
6.633242111255644780e+00
6.069487430597956035e+00
5.190347344422522546e+00
6.765594894776105761e+00
6.399870577812834860e+00
6.412719905761783856e+00
6.190655795211968737e+00
6.047340721960926757e+00
6.280036229796095881e+00
6.404624700843295493e+00
6.132679042932061009e+00
5.743928346527921391e+00
5.980498060989667408e+00
6.473453059586176117e+00
6.195141250197186977e+00
6.427639893171726904e+00
5.315073038110712744e+00
5.967533578696184726e+00
6.024700748026218022e+00
6.422642688774597985e+00
5.826081640836381581e+00
4.843033481044654920e+00
6.071957114824098944e+00
5.454830508232523023e+00
6.304975997571235169e+00
6.364846494644350372e+00
6.020694311688406408e+00
6.220774436462052748e+00
5.637694830871631702e+00
5.801124821393859321e+00
5.424636685485143772e+00
5.824032194385941885e+00
5.982456261945856113e+00
5.340717695830297984e+00
6.393276298059674012e+00
5.982284622865797097e+00
6.379214696003456808e+00
6.031131428116036197e+00
6.090727268275908379e+00
5.955158732142081135e+00
6.014800724216067707e+00
5.773304651282046507e+00
5.482129144077903860e+00
6.222906975266092822e+00
6.755427508564587846e+00
6.394908950358001221e+00
6.528548158627327069e+00
4.889308708529050307e+00
5.231330531010001117e+00
5.319670406632480919e+00
6.048834206871761765e+00
6.140735069316813899e+00
6.705469565690297173e+00
6.536975707795762425e+00
6.053051585658525191e+00
6.158426021935125227e+00
6.535640026546979620e+00
6.275649895230445807e+00
5.473097277039274289e+00
5.697721372580265786e+00
5.938405796738754461e+00
5.454709366655922764e+00
5.541875827883956163e+00
6.736936892694702195e+00
5.404633691496642633e+00
6.531795658092007351e+00
5.857182914434145182e+00
6.472899040518404590e+00
5.848385684660129868e+00
5.918230255618850855e+00
5.815970956721725038e+00
4.885528586773607351e+00
5.330838423791544045e+00
6.097252532622865928e+00
5.446107523918493953e+00
5.761711491314271072e+00
6.174159236614164215e+00
6.681690257207391070e+00
6.193366504264044003e+00
6.164394785431275281e+00
5.792126313466816612e+00
6.105635932021316492e+00
5.857507776702273183e+00
6.189339750712234078e+00
4.901956580354329240e+00
5.443250307222304407e+00
5.727206614982687682e+00
5.677850012046754991e+00
5.781421499154276944e+00
6.023176814540379453e+00
6.392127225064845319e+00
5.739416229971511463e+00
5.307755872577539336e+00
5.307366987272712500e+00
6.004719506028076026e+00
6.276143153577000255e+00
6.093357164382803504e+00
4.714496715668656357e+00
5.836714704937691955e+00
6.220901659539430639e+00
6.403858213789544784e+00
6.637994719354084694e+00
6.195378547071954678e+00
5.636357237266169662e+00
6.305361363357645743e+00
6.177032472161055665e+00
5.167719878974160075e+00
6.453170831109598993e+00
6.417011508153109389e+00
7.077562644454276963e+00
5.999951460853449881e+00
5.647776285629941384e+00
6.247021311381661945e+00
5.923554348027756156e+00
5.333075722337722979e+00
5.784333380744118180e+00
6.157587151846679596e+00
6.472635380238754621e+00
6.552228471035612678e+00
6.070791138218355698e+00
6.536999962301852207e+00
6.023747103676535097e+00
5.641108031737132045e+00
5.804200956235987974e+00
5.439738623288434383e+00
6.173277689434366167e+00
5.100031399403659016e+00
5.885915688694275616e+00
6.794654103555106239e+00
5.126652664597465936e+00
5.911824425716612375e+00
6.066402512401589675e+00
6.065743526060043855e+00
6.539363937473209987e+00
6.521733075131781909e+00
6.180007948632900927e+00
5.322896533039699563e+00
6.942348047524554921e+00
6.487254896261830162e+00
6.626376598005897733e+00
5.512260795604652763e+00
6.625835998613202271e+00
6.630157064749963247e+00
6.976857174951737406e+00
6.050654343479710207e+00
6.627355543804049454e+00
5.812277631180232440e+00
5.954172767575372838e+00
5.059093099596732479e+00
6.315887878820682033e+00
6.539194530156669849e+00
6.425153708332163482e+00
5.685024563659876407e+00
5.111693704174205877e+00
5.690121521525322912e+00
6.459715796877307348e+00
5.446460420135416314e+00
6.068222592078645228e+00
6.074923457881524769e+00
6.882838292404087177e+00
6.838539911104398961e+00
6.141871686681364295e+00
6.064611654536014917e+00
5.063064030639766067e+00
6.915597858300580825e+00
6.143845164976485584e+00
6.154412804901044254e+00
5.913049287897546691e+00
5.946106991914869688e+00
6.779230066696438683e+00
6.476819157572550445e+00
5.879430551790453485e+00
6.311504798756974566e+00
6.759440142529555828e+00
6.529195459369494969e+00
5.463978897737975515e+00
6.541376360798642153e+00
5.941248981736902302e+00
5.850886979955739697e+00
6.251924436653779615e+00
6.428768816632099536e+00
6.338792987422632308e+00
6.360511221631920620e+00
5.366783175740596157e+00
5.873861161196291647e+00
5.678269072316451727e+00
6.581350356030950088e+00
5.627714757555521530e+00
6.204887484602028991e+00
5.953989832397379445e+00
5.696800550583773770e+00
5.551237507297630103e+00
6.632679969879492710e+00
6.123906817132080072e+00
5.142368798611220981e+00
6.263643521874155518e+00
5.576652193336554930e+00
5.532061488094774937e+00
6.607608359485515948e+00
6.402037128726840720e+00
6.313558605051284189e+00
6.316750801990835384e+00
6.335941719315566267e+00
4.833710021094852927e+00
6.730220713582895087e+00
6.147381993855109528e+00
6.618944922485876070e+00
5.897125868509967894e+00
7.029102851903980209e+00
6.245505948240298366e+00
5.637242977896905316e+00
5.195671409809667907e+00
5.463314584386636419e+00
5.435198779289773796e+00
6.108951956766516922e+00
5.516522153284131313e+00
5.776996065747191267e+00
5.735906698606823895e+00
5.287277977903737103e+00
6.769228170215761509e+00
5.867347990845982686e+00
5.656649180861498927e+00
5.256892934752642077e+00
5.409854941068569900e+00
4.544979847878782842e+00
6.593206214198443327e+00
6.464259996415322007e+00
6.207432355667050317e+00
6.127133547201866648e+00
6.774662263183713229e+00
6.091485292934457618e+00
6.419385568813369858e+00
6.584558186951131376e+00
5.417601049984511974e+00
6.230054816973437326e+00
6.183752683546160256e+00
5.277424640462848870e+00
5.603045638657620842e+00
5.900997295878968707e+00
7.167939056198823877e+00
4.828262877192083025e+00
6.392759805820692698e+00
6.206524050044516017e+00
5.928539233691648924e+00
6.761715115964336498e+00
5.105205030689536905e+00
6.069946876096151911e+00
6.707457826048653260e+00
6.578433785973141212e+00
5.681746595498593955e+00
6.857335419529103859e+00
6.447026843955546482e+00
5.247517880413407276e+00
5.542288190831784256e+00
5.675685535120030600e+00
6.150990463514868445e+00
6.076127682854978396e+00
6.151014859290246051e+00
6.291811371708810441e+00
5.791810559735042219e+00
5.110649433440425327e+00
6.521754658773458502e+00
5.833692525492802261e+00
5.828450649831226293e+00
6.696818779919305520e+00
5.658888095190759415e+00
6.460123740093010269e+00
6.671897651682675345e+00
6.131798194586465911e+00
6.199697206621841872e+00
6.063528545431595695e+00
6.317843140134380420e+00
5.755973226289015976e+00
6.127120564563591998e+00
6.268952711567358449e+00
6.716209930227583058e+00
5.574421124190729770e+00
5.802410907121325678e+00
5.626799746863226481e+00
6.136482516592083769e+00
6.012727811616350948e+00
5.387471762460690705e+00
5.468062817886565341e+00
5.615663113027165920e+00
6.439429387051951004e+00
5.812672575898537808e+00
5.822171625545355944e+00
6.217512600294303304e+00
6.843274157884724929e+00
6.302403379250266724e+00
5.327858578619184549e+00
5.597853760017534874e+00
5.952017861745867222e+00
5.560566903070631284e+00
6.247453920548374562e+00
6.858810268007216493e+00
5.922740625027869577e+00
6.032301149180285371e+00
6.332050402489229235e+00
6.417909071314367608e+00
6.158629536317775433e+00
6.151204974741395048e+00
5.596233832096294769e+00
6.740397556183257421e+00
6.399802061041373946e+00
5.407856905283145998e+00
5.982783085148857261e+00
5.247748476618489200e+00
5.956484368875065272e+00
6.365708345451858818e+00
5.753803182688526086e+00
5.964820469772408096e+00
4.777397990183519738e+00
6.837271081325027033e+00
5.555956245456689757e+00
4.981042212244950917e+00
6.674971589473741140e+00
7.260549393198294510e+00
5.695236667678125642e+00
4.962559658317221789e+00
6.202766554136200483e+00
6.458002072607126109e+00
6.278220767490784837e+00
6.372279561444492479e+00
5.816308000559804015e+00
5.835732496214053100e+00
6.388932182018619343e+00
5.750443566329114020e+00
6.442734518400984101e+00
5.080611529504970747e+00
6.066570791600099710e+00
5.623523842792176985e+00
5.801160928534204508e+00
6.344457742631929520e+00
5.328044747967989991e+00
5.668211266911219681e+00
5.493762009799856294e+00
5.883874498871065839e+00
5.634999425331562506e+00
5.674978354745403131e+00
5.754603261122467117e+00
6.246643595682437322e+00
6.315974795625851179e+00
6.195420275614409000e+00
6.141820936611802395e+00
6.637962473063163671e+00
6.421661348031774352e+00
6.035065492057340109e+00
6.052228100037765124e+00
6.490076878544789096e+00
5.070536760934352571e+00
6.023269741677306222e+00
5.475256867512436898e+00
5.733564207340103636e+00
5.987323790528565226e+00
6.151733194826853435e+00
5.698728145200284700e+00
6.139880267937972924e+00
5.772785301139863101e+00
6.023230041632052334e+00
5.195523517541203340e+00
5.096856595029943371e+00
5.381569324576144453e+00
6.772659048900961487e+00
6.336103215801338173e+00
6.166478104106073665e+00
6.800751758412594050e+00
5.774488729355463867e+00
6.228766516503172035e+00
6.552170804843044927e+00
5.724104575414477480e+00
5.141568694093855640e+00
6.322268182938700853e+00
5.824529490267420506e+00
6.130282451232329066e+00
5.137412542685698469e+00
6.123980497504321718e+00
6.093083610152747021e+00
6.157148372649614565e+00
6.243776067253604900e+00
5.016426668475085116e+00
5.933418515015141281e+00
6.123317605704780675e+00
6.845513936539926902e+00
7.051895287282309077e+00
6.047551905996888522e+00
6.496378685885527915e+00
5.975334170969150094e+00
5.874965823021665479e+00
5.910373776979603200e+00
6.117562297967418239e+00
5.264266427586830055e+00
5.307737305040928888e+00
5.824760249948385926e+00
5.621951375529636863e+00
6.453071567001281039e+00
6.875644157030636805e+00
7.001301945847475672e+00
5.919131481762985203e+00
4.947744125017965899e+00
5.613025731716057010e+00
6.137523621138504026e+00
4.844818565268717236e+00
6.642657865173274168e+00
6.946340988296266339e+00
6.618248967767847546e+00
5.477946271741311435e+00
5.886620175177467829e+00
5.835504408136938714e+00
6.325762942706282921e+00
6.504383555844089670e+00
6.426883995615686906e+00
5.663632953585651997e+00
6.010535665003588157e+00
6.204536961328224187e+00
5.634171577841566858e+00
6.398606119329190101e+00
5.591671343139108075e+00
6.496107240644873215e+00
6.171104410626734982e+00
5.980186574720144144e+00
5.786819891437114727e+00
5.555366367729559052e+00
5.906010302153490876e+00
5.825934956247603935e+00
6.028838158094012023e+00
5.771881144350230031e+00
6.090792534438626227e+00
5.111410288418809955e+00
6.587476668970964511e+00
5.794822343741649284e+00
4.850544245527696141e+00
4.718672489170764095e+00
6.334665855478004204e+00
5.987956829973701822e+00
6.292751989294743886e+00
6.588507426837273862e+00
6.030280698349614887e+00
6.379085191311417269e+00
5.285166998165427898e+00
5.503685307656590808e+00
5.486740222498650787e+00
6.527467460005643929e+00
5.857098304906009467e+00
6.205864669324133942e+00
6.317793290418907581e+00
5.909387272407014002e+00
5.971488110124647974e+00
6.661972466177329188e+00
6.496987004292426704e+00
6.835130041546856994e+00
5.816646092896145426e+00
6.841757838523835566e+00
6.410564353892719502e+00
5.281923399166569055e+00
6.910085219718297367e+00
6.728446203379354174e+00
6.575924896438049672e+00
6.080561856386768937e+00
5.074294615558333277e+00
5.175979532849628306e+00
5.581030033692349512e+00
5.994598967561589831e+00
5.830399638872563628e+00
5.692319072568225558e+00
6.673068754957553139e+00
5.993683034412796928e+00
5.906607021228443166e+00
5.878564449701655370e+00
6.608884281329158839e+00
6.236827984136974479e+00
6.589018248599261440e+00
5.803512192102802558e+00
5.000318462221286175e+00
5.880698735016010481e+00
6.299318018818763854e+00
5.838243225085201438e+00
5.921896926378414250e+00
5.513485393740487517e+00
6.161494306136679810e+00
5.527798083097296811e+00
5.452189224414739854e+00
6.397071027366085794e+00
6.246547009717957621e+00
6.811566979524823040e+00
5.670695343022259749e+00
6.161712192620533379e+00
5.875403966683797385e+00
7.075624589644398554e+00
4.849289608135121554e+00
6.374152333605894505e+00
6.979634586851275024e+00
5.938225572398010854e+00
5.413297285307918649e+00
6.164517350122461714e+00
5.274147263468637270e+00
5.320032002516690284e+00
7.059101644175549417e+00
6.917951619446994549e+00
5.942088786785109988e+00
5.875832542228000221e+00
6.719677321551957405e+00
5.987135753354254852e+00
6.069512007063893932e+00
5.614481232942468480e+00
7.062507530704843717e+00
5.387533975863199487e+00
6.556009294426959677e+00
5.619110730876768933e+00
7.284252734756693215e+00
6.040735256923088770e+00
5.925529315802438468e+00
6.262077527970367541e+00
6.104490398748922075e+00
5.982046503845483976e+00
5.990922026912050669e+00
5.827074850148068919e+00
6.447472722701261816e+00
5.582630742083326325e+00
