# Example Data: treated
3.681375384912007664e+00
3.694841739298369454e+00
3.898518516701042103e+00
4.657655013973830194e+00
3.550334374857864184e+00
4.655199658755411640e+00
3.816566743338615453e+00
3.359636568499483111e+00
3.949496929232368725e+00
3.664527857965558244e+00
3.578469115571862869e+00
4.571344515990087842e+00
3.602017101820464529e+00
3.976807980777494311e+00
4.293268323587308366e+00
4.117351754769859262e+00
3.880088303887503365e+00
3.425256201420349811e+00
3.446306725021551109e+00
2.987400218633245785e+00
3.813796962685387371e+00
3.807839885788135703e+00
4.064994466366830039e+00
4.597926920337469525e+00
3.674418593120956089e+00
3.654875509157582414e+00
4.889199472211206654e+00
4.201333174773499657e+00
3.924244360625590566e+00
3.267557988897576315e+00
3.233452095508078550e+00
3.844443403920045021e+00
5.033389441048318425e+00
3.608149040452874434e+00
4.131490269418399919e+00
3.743394175888449471e+00
4.736960799501693131e+00
3.809289661064726662e+00
3.788457017523506387e+00
3.827817803110189043e+00
4.831072379114493387e+00
4.299994462018530861e+00
4.082675787936796752e+00
4.201808069011646829e+00
4.364418313453026776e+00
3.672226522463664988e+00
4.574371999279804868e+00
5.217071598265465404e+00
4.250649452053734123e+00
3.340551699895466520e+00
3.716108613861908161e+00
4.562940826638367753e+00
4.443197786488496170e+00
4.151725739359695133e+00
3.671770005369065615e+00
3.909106610812609794e+00
3.343389420621648789e+00
3.509897533089751498e+00
3.286083535905390374e+00
3.479372922506994925e+00
4.215865328376827037e+00
4.138133931041410030e+00
4.355259838106371184e+00
4.484992332971409645e+00
3.993428390625283431e+00
4.398146849197433816e+00
5.183760539460875449e+00
3.903260804570223730e+00
3.921431424048820169e+00
4.371884354499712799e+00
3.788525579400131793e+00
3.966635729276474009e+00
4.147030078696531952e+00
3.523083305716247171e+00
4.022205879901864733e+00
4.528344011252644741e+00
3.597446814900586709e+00
3.288126729897635769e+00
4.802414541258871239e+00
3.801761373250631237e+00
4.279661773758096643e+00
3.265056387628222812e+00
3.588606412601197171e+00
4.116534070645303522e+00
3.210894977300108089e+00
4.067474251497674942e+00
3.910701993984918357e+00
3.330962367515425626e+00
4.120891616034516147e+00
3.977771062739524410e+00
4.404602971252528754e+00
4.188619774665687245e+00
4.149888151522322488e+00
3.417283505857377612e+00
4.455077563960019305e+00
4.520742646623157945e+00
3.658960708985877108e+00
4.493564826328934281e+00
3.481197368929735525e+00
4.110207757739303247e+00
3.652809416836716672e+00
4.577324905824065482e+00
4.004409653358335319e+00
4.009688244237278099e+00
4.833341959721758840e+00
5.011237273641617307e+00
3.955788907742922689e+00
5.033153091518774325e+00
3.209197556631750992e+00
3.845374682347029172e+00
4.489052474368139478e+00
4.180772502725483619e+00
4.093891944006914585e+00
3.051663039536431477e+00
3.824654215359050813e+00
3.702518155772247077e+00
4.056026464996424608e+00
4.094227285451878195e+00
3.714147220517887149e+00
3.433613462815073625e+00
3.516137702385629282e+00
4.274689276373124791e+00
4.176021232331149413e+00
4.126170745459949885e+00
3.554637058846719544e+00
3.690151279731045619e+00
3.874042757995344921e+00
3.937045471899213833e+00
4.590897662227146014e+00
4.287602914434805790e+00
4.691288063819469834e+00
5.182751192367202719e+00
4.066700458414034713e+00
3.181329580798380352e+00
4.336009633112779760e+00
4.221447461347735519e+00
3.649868136835589638e+00
4.889404390567396064e+00
3.329795505963394131e+00
4.429616366472802547e+00
3.603522797259961941e+00
3.697015874604408392e+00
4.896173462949989563e+00
4.158959326054380234e+00
4.310087749617446562e+00
4.165861998443221914e+00
3.574236249478609295e+00
3.925609589877420369e+00
4.748736234966884240e+00
4.165699289690556917e+00
3.132486353551477087e+00
4.293399731022841337e+00
3.972345639377000026e+00
3.038374115044945256e+00
3.445732820651122630e+00
4.216064471317496398e+00
3.952560826409167838e+00
4.642992915462755832e+00
3.720092370415593042e+00
3.738995867752899827e+00
4.029225508645422060e+00
3.835554697005037372e+00
3.112890034903839087e+00
4.328935861923761230e+00
3.275525085813985715e+00
3.842683978573170567e+00
4.552223195152087065e+00
5.235118195915962502e+00
4.051409524410427565e+00
3.270268783506392829e+00
3.225272853523845740e+00
3.843342723703095043e+00
3.325990768620783022e+00
3.701986170091504658e+00
4.624386423079135611e+00
3.793286479844613091e+00
4.596241529828038352e+00
3.476597784833461713e+00
3.800380580853347734e+00
3.382412235162986391e+00
3.852431924562188748e+00
4.290684769097416584e+00
4.500714405261706297e+00
3.532310312734918689e+00
3.523744427891855491e+00
4.560020110907881730e+00
3.618235517682913738e+00
4.166294780246248664e+00
3.768437566230804947e+00
3.538166979759583608e+00
3.995217945677672411e+00
3.377888225115736276e+00
4.582772090818904687e+00
3.902187146785326632e+00
3.670643118469893107e+00
4.251671570899983266e+00
3.448174674832209075e+00
4.338687118587071012e+00
4.840665346291567417e+00
4.959415255236274689e+00
3.242834593193961279e+00
4.395668639538559574e+00
3.819201103107934259e+00
4.366925573227876001e+00
4.066610998423614731e+00
3.848580316757213460e+00
2.924504151074257763e+00
4.236064221068175151e+00
4.037280835617310437e+00
4.175117224532456817e+00
3.321247988297723719e+00
2.900558609875986349e+00
4.456268017178542706e+00
3.909415872973834638e+00
4.517160879357819958e+00
3.096435803820170918e+00
3.649897130067940143e+00
3.685130464926893001e+00
3.790756565130583233e+00
3.194605891972451150e+00
3.902190077652948119e+00
3.725702196591587523e+00
4.669719570783144036e+00
3.598484586995647216e+00
4.075470051464500365e+00
3.549342078354545738e+00
3.724818649548005123e+00
4.294708391436884654e+00
3.932708175225842595e+00
4.382738463342905177e+00
3.104677971933663017e+00
3.515387642469300467e+00
4.073705630522941767e+00
4.711607911708960650e+00
3.873394407865609956e+00
3.385448630591700425e+00
3.837732148087574569e+00
4.539193089043278562e+00
3.707212887160712622e+00
4.263889600546286296e+00
4.885157013076231181e+00
4.990421583214173396e+00
4.467808872076114213e+00
3.144042752926899276e+00
4.279308588194812302e+00
4.593734385483481120e+00
3.756917865435968285e+00
4.023196502749132542e+00
3.834493394471226502e+00
4.615385724309845727e+00
5.396445959608407783e+00
4.301036223341405673e+00
3.486611223615903032e+00
4.178132087170559394e+00
4.185462136479747741e+00
3.178748024922975812e+00
3.702847119482223004e+00
3.972688345970992074e+00
3.709467786340884032e+00
3.646928837599738404e+00
4.181186498103627969e+00
4.707241903764745494e+00
4.082776895657897143e+00
3.711242994348965762e+00
3.862679007157778344e+00
3.598708004275795513e+00
3.589844843515458628e+00
3.666359041508047145e+00
3.988390510485650076e+00
4.535339167018134887e+00
4.237768220785952167e+00
4.014236337907080454e+00
4.281630005835300068e+00
4.122808075483950674e+00
4.438849217694333937e+00
3.215160762388528326e+00
3.974749523598326562e+00
3.908319856511322410e+00
3.786329694349152231e+00
4.228456385714493670e+00
3.627979001954578564e+00
3.320719883040895049e+00
4.537886763526579159e+00
3.844100490949053928e+00
4.611414802918462286e+00
3.800342774530785839e+00
4.213123793400923134e+00
4.642295676811773575e+00
3.687599022491538037e+00
3.564012970573246175e+00
3.037539574292487110e+00
4.287398081412332473e+00
3.857298643040220298e+00
4.438162433655338468e+00
5.076675608639398263e+00
4.455284449988003992e+00
4.909639096486875687e+00
2.795604596980239442e+00
3.296232691498758083e+00
3.460941237643219814e+00
3.887050275541680922e+00
4.414901755088697755e+00
3.521478054446613548e+00
4.717178959422414941e+00
3.735648271784188346e+00
2.535884454571396329e+00
3.419876532631579202e+00
3.883396399715146163e+00
4.933963613574481322e+00
3.536216604211456449e+00
3.855894274581311176e+00
4.614578605648708809e+00
3.922181984429255142e+00
3.779524039007749803e+00
3.998506992092235368e+00
4.681241907970528970e+00
4.885193391758607007e+00
3.972865502807304328e+00
4.551839882810336135e+00
4.567238724368656300e+00
4.088995134824693345e+00
3.297786801301936244e+00
3.938454443771447266e+00
3.720452799759548679e+00
4.242347668796040416e+00
5.329233142720736005e+00
3.629254552772365194e+00
4.296374659274999175e+00
3.839224257855137434e+00
4.028047264742549594e+00
4.409400269692204333e+00
3.755391245160953684e+00
4.118527680464537433e+00
3.446538610857551532e+00
4.028496369096894014e+00
4.266644438798871342e+00
4.707571131065808601e+00
3.338682065541100474e+00
3.708943036906572122e+00
4.253982939139241637e+00
4.078895800311578057e+00
3.842574602633249015e+00
4.101034196048532365e+00
4.158709589363443371e+00
3.912091068585659137e+00
3.617064628766177403e+00
3.911915565101640180e+00
3.566171776139771321e+00
4.023409868562857206e+00
3.987044677136947879e+00
3.816475721830528300e+00
4.493205162262253971e+00
4.125661505008187291e+00
3.464445678967321474e+00
4.099241091212265431e+00
3.297688353246686521e+00
3.940739215185095734e+00
3.660999366104229047e+00
3.883212177319001146e+00
3.990173249601626893e+00
4.212849556503536874e+00
4.614568854115581154e+00
4.202532157249154743e+00
3.772391984272424725e+00
3.626721075543632988e+00
4.018356953088479067e+00
4.229101869038995432e+00
3.508584989003825871e+00
3.502820145100508320e+00
4.183742754895395599e+00
4.060851928676425082e+00
4.038614118937008612e+00
3.981197946457121439e+00
5.099321723436378129e+00
4.558411410020012156e+00
4.332880281274417378e+00
4.540548166235303107e+00
3.798016170651219436e+00
4.335997310314726683e+00
3.702466962596663969e+00
3.792017683303205544e+00
3.807323403355505675e+00
3.758944099614420775e+00
3.979430757075093084e+00
3.755783646815415988e+00
3.576502402632360411e+00
3.191875185085031319e+00
4.597461565537835249e+00
4.866999345349373840e+00
3.822627299251434074e+00
3.715841999987023136e+00
4.392051252849515031e+00
3.970316081617482951e+00
4.363298974524527196e+00
3.737463706406246366e+00
4.154732244896135462e+00
4.498423897910556413e+00
3.530577055103014672e+00
4.537912808819799082e+00
4.210905116438527607e+00
3.326279803231348531e+00
3.311648564408721462e+00
3.119848513360496511e+00
4.327183692712361029e+00
3.680962574757050909e+00
3.197106843713754198e+00
4.468381034373148708e+00
4.377297785583989409e+00
5.055189326213545442e+00
3.754217380507133051e+00
4.743590562379141673e+00
3.470872745024922601e+00
3.072571555928837128e+00
4.201013494564944217e+00
3.408966267745518142e+00
3.298338564530611361e+00
4.187807646869774914e+00
4.307846967124270954e+00
4.096426757318398337e+00
4.288445869568226598e+00
3.830992310059473827e+00
3.272679289278416448e+00
4.207673739570806148e+00
4.754280115600471035e+00
3.802086981265215826e+00
3.884940465681547828e+00
4.241631338090668280e+00
4.013164259089935904e+00
3.235859728435086957e+00
3.740832376212694932e+00
4.455844902251245188e+00
3.561535619149281295e+00
3.742825851470991783e+00
4.317297313831467420e+00
4.675173112311562740e+00
3.476511151449958703e+00
3.991095242964287415e+00
3.667350416679813652e+00
3.554177152239028636e+00
3.638309549914646723e+00
4.147231738519062461e+00
4.448814260508702212e+00
4.229413443358581937e+00
3.717709901861554478e+00
4.479491020974659676e+00
3.462291369333730717e+00
4.062845724677758064e+00
3.496996685412354644e+00
3.886415575763049191e+00
3.751691693701577623e+00
4.503395716537539784e+00
5.040344942674420459e+00
3.854343977872405347e+00
4.269082003070627351e+00
4.532798451358096337e+00
2.806102713740270094e+00
2.914522946774630530e+00
3.384069038246116268e+00
4.430178861459224571e+00
4.084408940775666963e+00
3.794531932725881074e+00
4.248823672653053052e+00
3.274055446857249585e+00
3.607737229230790099e+00
4.008955996848234449e+00
3.941604522708474168e+00
3.503896202988503905e+00
3.423963354678951632e+00
3.925677687160625595e+00
4.282897298845107059e+00
3.845368262513406687e+00
3.214831846844433461e+00
4.226690573944138940e+00
4.417681774558972485e+00
3.891764213768241998e+00
3.999932110699187415e+00
4.029850071668839462e+00
3.485088476059400975e+00
4.345444028716373808e+00
4.959993616868580091e+00
3.371763732363166621e+00
4.495484779305757073e+00
3.352374840488664631e+00
4.511301080154235699e+00
4.149845317032780478e+00
4.833227999828864974e+00
4.078854849710704222e+00
3.638654001769018986e+00
4.106611414696052620e+00
4.367616903766237790e+00
3.792710701751095037e+00
3.382027485442763215e+00
3.827259324038472244e+00
4.201643831612170032e+00
4.041870069479995387e+00
4.036422987759732628e+00
4.125121465692377143e+00
4.862143339080319926e+00
3.848327079296754327e+00
5.237944398528259882e+00
4.116788902078663881e+00
3.863163634286032710e+00
3.652286028145659724e+00
4.357309467383176482e+00
3.993154955411332807e+00
4.005478315633208553e+00
3.835515525954753535e+00
4.351468431481955612e+00
3.751100617001988713e+00
3.599466271184976751e+00
2.696125106002893013e+00
4.043893230666497196e+00
2.876075376738007172e+00
3.795787961572423264e+00
3.935469942526490961e+00
4.894386633453432722e+00
3.348843038941696104e+00
5.298697512233894180e+00
3.754269857827751800e+00
4.097048936733257207e+00
3.832927005779529939e+00
4.664973876748049086e+00
3.732315230495391045e+00
4.500687457726328056e+00
4.126419128064235053e+00
3.461549603957522869e+00
3.585840474922009413e+00
4.152716116724540107e+00
4.076968814502833993e+00
3.652346110753473596e+00
4.494021420116634857e+00
3.874248475743562459e+00
3.607903225399480718e+00
3.717055106963254474e+00
3.308639779824746441e+00
4.174340041136916035e+00
4.124190464498269648e+00
3.968157101673729592e+00
4.290896195963036952e+00
4.138550811180909506e+00
3.700390817587110082e+00
4.149790717857923639e+00
3.622898812933227131e+00
4.012987401065661430e+00
3.606395506396605999e+00
4.193457885444835220e+00
3.737466377112043325e+00
4.681882748312917286e+00
4.868386127550925480e+00
3.682244154861429308e+00
3.767263266961220047e+00
3.866648709628774494e+00
4.289809025032668366e+00
5.254640706749651002e+00
3.946635543452009731e+00
4.329938308083788989e+00
4.115829880603117275e+00
3.893563897242460214e+00
4.509032983591563237e+00
4.079439351229801503e+00
3.779438898781886547e+00
3.690880100565721467e+00
4.557020624932063946e+00
4.669563288242531307e+00
3.308513795575030780e+00
4.232038370789251047e+00
4.309027465899371023e+00
3.649112394384848024e+00
4.165489833317722379e+00
4.757061187116576662e+00
4.515285464238267821e+00
4.108664276451734487e+00
3.494642313532605460e+00
3.016516540219715381e+00
3.709090287351672899e+00
4.166986565174084056e+00
3.972630876769149388e+00
3.914706532245084691e+00
3.714232205747840965e+00
3.848405427172046700e+00
3.284102678329423153e+00
3.698887381892073112e+00
4.077464491457127416e+00
4.138512867420482522e+00
4.496581091223660565e+00
4.979927719849542633e+00
3.408254454475200479e+00
3.478635033217681638e+00
4.130302765326042902e+00
4.181313240578300672e+00
3.213461956185458490e+00
3.903340038265421530e+00
3.920547373739554420e+00
3.252870884818437336e+00
4.421161524249693997e+00
4.236160195046504207e+00
2.954335006398575381e+00
4.221014354550988834e+00
3.876151573929218497e+00
3.885793705135406118e+00
3.972967360143962345e+00
4.624863920248501792e+00
4.653244953205510903e+00
4.024501336875601076e+00
4.300602923210323780e+00
3.914628650203865856e+00
3.878689464961575961e+00
3.077837834595937405e+00
3.967419880065928606e+00
4.197910391763963744e+00
4.666576774848655518e+00
3.912580280024809731e+00
3.679915200612855486e+00
4.524817274757199748e+00
4.361382835279544068e+00
3.752712739296822697e+00
4.329355795806856477e+00
4.741030102082216757e+00
4.476850410054727725e+00
4.757942484455876198e+00
4.217329914400948176e+00
3.804562787288898740e+00
3.729641000557212038e+00
3.555626654975021950e+00
3.693703020993328145e+00
5.278184760501686057e+00
3.174577378978268083e+00
4.821612749319186264e+00
4.056871139334375265e+00
3.419107071884600835e+00
4.249739253855647547e+00
4.658963014526518620e+00
3.923383231718810649e+00
5.338749455316220249e+00
3.760430444717763887e+00
3.492645320232762529e+00
3.991044198769462703e+00
3.116524197871597845e+00
4.436080714933769542e+00
3.791710695390108743e+00
3.941206792361255040e+00
3.509708257209555260e+00
4.392748394620843655e+00
4.075549760868901750e+00
3.714588289139371113e+00
4.545713014470322832e+00
4.717487653973359230e+00
4.134482221892025855e+00
4.670819379935799986e+00
4.276125815880305048e+00
4.280274919518153531e+00
4.616331435212575052e+00
4.552591698525162656e+00
4.475444668853413965e+00
3.673587439787917130e+00
2.623083707439917145e+00
3.787661626236964896e+00
4.651705586534200521e+00
4.596057311870588080e+00
3.811757331813196092e+00
2.951306907429163573e+00
3.970555914559758204e+00
4.141321456018800973e+00
3.648939505349309886e+00
2.817763212590694177e+00
3.676526752497394579e+00
4.067395733330673835e+00
4.018408014726921884e+00
3.944898859476198005e+00
3.365311119627320657e+00
3.270665422121167953e+00
3.157160079472698833e+00
3.748622270454424754e+00
4.596939950505538164e+00
3.414564480468318841e+00
3.822372827271594442e+00
4.241402560959221191e+00
4.470339144610965931e+00
4.255691056548539741e+00
3.790374551044648488e+00
3.129474932886675553e+00
3.847943868834066361e+00
4.698911583817202420e+00
3.963056078349197264e+00
4.434837304364043220e+00
4.481836483629717094e+00
3.857339388350546461e+00
3.771653754307797701e+00
3.223863636830894386e+00
3.490397460544869546e+00
4.857576905644975795e+00
4.320862839752590112e+00
3.953492649458424602e+00
3.608151013723100764e+00
3.075894409413272523e+00
3.276440275616840925e+00
3.464267447819520562e+00
3.954170434474442608e+00
3.343959073514945590e+00
4.397389580682936838e+00
3.950518399002198144e+00
3.797788627056973620e+00
3.895264081811621981e+00
3.258176536937730017e+00
4.148214504267864200e+00
4.528644462719584318e+00
3.990090862116526083e+00
3.527223823499855637e+00
4.136245291828752002e+00
3.589844472857194990e+00
3.482127106404568906e+00
3.712728327988774168e+00
4.719003765029810893e+00
3.821026367680619540e+00
3.376320663816701373e+00
3.999118959487583336e+00
3.585892909630415737e+00
3.790688972884915575e+00
4.840120880997348607e+00
3.936945516646306764e+00
3.561807433418764823e+00
3.627993949828833387e+00
3.353895351651797974e+00
4.676487518001479771e+00
4.473174592187773690e+00
3.852334062840002904e+00
3.389706468599010147e+00
3.702757285210088067e+00
3.434634433779731655e+00
4.480829018780099204e+00
4.789302236982656780e+00
3.001013496066061936e+00
4.385407671133369156e+00
4.132975441247631387e+00
4.418209317786688572e+00
4.124699941376538170e+00
3.881058969404674208e+00
3.746945610126406478e+00
3.679545629783792293e+00
3.923903732642934905e+00
3.393010222280954835e+00
3.815320732395026226e+00
5.279508102650364521e+00
4.046006242700023847e+00
4.105407638903278311e+00
4.135709826685201485e+00
4.548248137421296633e+00
4.107110782085346301e+00
4.643415150492799626e+00
3.322071034046866878e+00
3.122024449905513421e+00
3.776670653689862434e+00
3.599988577200440965e+00
4.099125996204947775e+00
3.755503922373296444e+00
3.791866865910680229e+00
3.224884639427969546e+00
4.104202491596176117e+00
3.246045436896975112e+00
3.426708235360214516e+00
3.987884304059249096e+00
4.199135901823435546e+00
4.173454880128536715e+00
4.211344197339292883e+00
3.804809265362258497e+00
4.377257784786722894e+00
3.796783758227857852e+00
4.565410010028727150e+00
3.763193524955501967e+00
3.970705949943045709e+00
4.068670513067404571e+00
3.507443338075274308e+00
3.843859895214416955e+00
3.246541068626132454e+00
4.601077853636271975e+00
4.480146933980887702e+00
4.156749948091207791e+00
4.075851024489272056e+00
3.961743471989700005e+00
3.794384180885219227e+00
3.734522708242600686e+00
4.211206254085089640e+00
3.533801309147367231e+00
3.943848100703478021e+00
4.476058731508691935e+00
3.080120309950296509e+00
3.950072066197531484e+00
3.486008633179567884e+00
3.880148709046101541e+00
4.458099046771850205e+00
4.381838949618996004e+00
3.582100759609374130e+00
4.078624739077803873e+00
3.549515959841329504e+00
3.328848978268619696e+00
3.331224532120095283e+00
4.689214245580755502e+00
3.375619612296836269e+00
2.755585114985541484e+00
3.596084601810118020e+00
4.650020615217939302e+00
4.418416685035400526e+00
4.040154410191466816e+00
4.529605078475896107e+00
3.505496392665902849e+00
4.052995577071579092e+00
3.764268791121526903e+00
5.156235083383323037e+00
4.493209943513690519e+00
4.309021720798595467e+00
3.922166078762292063e+00
4.243748090135682993e+00
4.952414157097969394e+00
3.889069509949518721e+00
3.567147034669457817e+00
4.068532578012959533e+00
4.384040973889347548e+00
3.782274704069284788e+00
4.059135039003767709e+00
3.442801654910357279e+00
3.902396867781874334e+00
3.911413545902140410e+00
2.803904673348222687e+00
3.577579454935965853e+00
4.129960539941902375e+00
3.736233573249375439e+00
4.032438441090527625e+00
4.076064958293868834e+00
4.920536267218210469e+00
4.011948707431749028e+00
4.130473894784239874e+00
3.347144725051190317e+00
4.564674717657329239e+00
4.222108098984914015e+00
3.501194468144356087e+00
4.374222851830400494e+00
4.075931239325080391e+00
4.046034888720190459e+00
3.792584638235302119e+00
2.528885748988887183e+00
3.826324581359937138e+00
4.220759217709692201e+00
3.565307617184972688e+00
4.182835754044393894e+00
3.601921437409149274e+00
4.624899339529909170e+00
3.729778867944328891e+00
4.754229645240013014e+00
3.697381072023783855e+00
4.339501004267471984e+00
4.266045762909655537e+00
3.390216296999821299e+00
3.940105152097169050e+00
4.058959194777254531e+00
4.192803615754327140e+00
3.130230864797560741e+00
3.990278993096688431e+00
3.786891135382949969e+00
4.111870942261882433e+00
4.427086026762156123e+00
3.843736302155202456e+00
4.483640543492692920e+00
3.532061723342005521e+00
4.187747229420549111e+00
3.490975384966527706e+00
3.793884900680989603e+00
4.360553615983693732e+00
3.355142069881396960e+00
3.498145715642447140e+00
3.992687037305295394e+00
4.628078730768624638e+00
3.820019528499974282e+00
3.252607657461791035e+00
3.441617958723771853e+00
3.963363096902735805e+00
3.484933856336402958e+00
3.721873680482082669e+00
4.035262942957237975e+00
4.228174136401547045e+00
3.844215007898340808e+00
3.291765054159369264e+00
3.989021399507782561e+00
4.407894536192777935e+00
3.630024515480697822e+00
4.766512010882470562e+00
4.587902044608531682e+00
3.812967438961004429e+00
4.806487867058829799e+00
3.956768601383892303e+00
3.548848199381058333e+00
3.239410031149406954e+00
3.610892274148501890e+00
3.438501736476490045e+00
4.028780432095258490e+00
4.069682179993409754e+00
4.218066441745849993e+00
3.340728922314577076e+00
4.078789754168035131e+00
3.521286402203981147e+00
4.074311697996397363e+00
3.824102776870311970e+00
4.208100691207016908e+00
4.000665297553332778e+00
4.280252686754860036e+00
3.817627688884565273e+00
4.414235030511433955e+00
3.636359078619061602e+00
3.085157136628117414e+00
4.629833973515747658e+00
4.234474380138991023e+00
4.195951364929580762e+00
3.169696395518523779e+00
4.278663430091741660e+00
3.876430013918573003e+00
4.105708881755670170e+00
4.224761197095787679e+00
4.128694713438767039e+00
4.436126558047374324e+00
3.526019627214720398e+00
3.530712916396030021e+00
3.498524722533463915e+00
3.623566201489643035e+00
4.559287582968071462e+00
4.334476191780255228e+00
4.527998777236151184e+00
3.144906033829824477e+00
4.655735111062328180e+00
4.406192098366657817e+00
5.131516600637732850e+00
3.709422449795856114e+00
4.496468476225989441e+00
3.775098428649535709e+00
3.804753224122252142e+00
3.768238013703607781e+00
4.151770826144179694e+00
4.087275342674828948e+00
3.993325889946131024e+00
3.687858361526815898e+00
4.824561396453243667e+00
4.185594778332975885e+00
4.080332158268227261e+00
3.784443858704981789e+00
3.850329342182285952e+00
3.206665751311783108e+00
4.084502974757930893e+00
3.255890508481431134e+00
2.635850904170223608e+00
4.412628486454384102e+00
4.546725659415608689e+00
4.051899108959183593e+00
4.764092315514887765e+00
3.609326304382984407e+00
3.019001684524465379e+00
4.316864167826414800e+00
3.868992636859400314e+00
3.393660359817011418e+00
3.311122612881311600e+00
4.054113428875226965e+00
3.777103668235768819e+00
3.933551115650806729e+00
3.631670010073590582e+00
4.521065498327536680e+00
4.052909697074844608e+00
4.156692580659997027e+00
2.701984744455790732e+00
3.676835227300066844e+00
4.487270855592131902e+00
4.152304771813967399e+00
3.702690960910051565e+00
4.413299920869894422e+00
3.882190362060887967e+00
4.284451212032704959e+00
4.044030621240692014e+00
4.441445437864195434e+00
3.549716908578401053e+00
3.185233435700562943e+00
4.422389074832417499e+00
3.691532462038734863e+00
4.599765607511439924e+00
3.795163954505241133e+00
4.752702981987229514e+00
4.386228880455712797e+00
3.675399611131618727e+00
3.940061705625701016e+00
3.609979671358699349e+00
3.753322849159082875e+00
3.716352898229466017e+00
3.956113083172632550e+00
4.881086978262528575e+00
3.882120910020151694e+00
4.625858244381652717e+00
3.585026680505905894e+00
3.355589679248842216e+00
3.526195056617507984e+00
3.788631072439440306e+00
3.738919760036229611e+00
3.779984456376410229e+00
3.516983709506611433e+00
4.111382463760030248e+00
3.863605484777323351e+00
